5.262926578521376353e-02 1.719522838331912773e-01 1.173711316904144514e-01 3.373375536299337840e-01 -6.984065526324654272e-01 7.003350341738371343e-01 2.555609725465151083e-01 2.049989243850882104e-01 3.858992069675276082e-01 -4.016091666746104960e-02
3.788622421313361244e-01 2.945411091452379559e-01 1.084392566607403463e+00 -1.517828570180466352e+00 5.991898987775171603e-01 -2.709276345681968845e+00 4.353855266801335833e-01 -6.229293648136146055e-01 1.544191044622531317e+00 -7.252554897174461057e-02
-2.391748234953409991e-01 1.457941792881235266e+00 -3.393336912511176751e-01 6.336416606051711309e-01 -4.341518069780098132e-01 1.075204521136917890e+00 -3.775875401166030043e-01 9.928446478711412393e-01 -7.820862345107133518e-01 -1.665872090295531072e+00
5.916328981659795677e-02 4.395840352915366678e-01 -2.359588376645576357e-01 9.584346162884535003e-01 -4.448329939009739165e-01 9.006404812218342659e-01 -2.367383400988612163e-01 4.488757691426163710e-02 3.210736760063006567e-01 1.505887753748912927e-01
-7.344712622230807897e-01 -1.523862229956026437e-01 5.413912359976470468e-01 -5.338181411837372714e-01 -5.599516643378287667e-02 -6.765385787860192512e-02 -7.016558054440610870e-02 -8.057150089487148670e-02 -3.791628422321800529e-01 -5.985397765286389060e-02
-5.296869124481915492e-01 5.325618475279111363e-01 6.631607523496785284e-01 8.978904967862911812e-01 5.749673201958944713e-01 1.884695516089053280e-01 3.951236463532145082e-01 9.038600563628850226e-01 4.719605599746747870e-01 1.209355672167834461e-01
-1.517783751177750773e+00 -1.026930054730659930e-01 3.930688215371158645e-01 5.680593262164453094e-02 5.570512250705835777e-01 1.998807979856273911e-02 4.129443523776521463e-01 5.228483527514601326e-01 2.552004744270776615e-01 -1.904109160285052116e-01
5.424836866187074946e-01 -9.386523978172091054e-01 -9.345892999963960335e-02 1.784199672196387296e-02 -2.816726122915975683e-01 2.557854289300467432e-01 -2.042277129007812053e-01 4.153751353441080818e-01 5.474142873125580067e-02 2.183922681586727629e-02
-2.206272784934940334e-01 -5.955476581239527167e-01 3.658322595234175106e-02 6.147272717039131695e-01 -5.748426954189910232e-01 5.681030316979818195e-01 1.587200837203826265e-01 -1.221752938385973486e-01 -2.238833902801801723e-01 1.067224705544462388e-01
-1.665440400835857204e+00 -6.933494019934459685e-01 -5.657970908579033065e-01 -1.832187867738225770e-02 1.318048155616154293e+00 9.180660643318381275e-01 1.327289166534301401e+00 1.111312510630191319e+00 -5.768004385766098974e-01 7.444546370704967497e-01
-4.708957544192376443e-01 5.489376519147028816e-02 -2.655680960935296805e-02 3.173969444980138666e-01 -1.473454393846464205e-01 -5.801986458753142228e-01 -9.918923118993927535e-01 6.615663023514016527e-02 -1.663078714373033284e-01 -1.474420458569797483e-02
6.062255021339498784e-01 5.195317424328674827e-01 -1.423987244475936942e+00 1.051310441133796791e+00 -9.193424302583410590e-01 9.747237514507797185e-01 -1.687001545476675968e-01 1.133481325884607038e+00 5.171459748822073710e-01 7.891189607495787683e-01
3.006683829903317173e-01 -5.178679784262103514e-01 3.084485419032101938e-01 -3.749249214351182968e-01 5.585951502283457160e-01 -5.614658411781412450e-01 4.374285192852968018e-01 8.993016808940822171e-02 -2.470609315736639056e-01 -1.007758952906602674e-02
5.318956609551617198e-01 -4.480275963075034396e-01 -9.099537213704199656e-01 -1.090854195009179683e+00 4.171930313421400721e-02 2.967230926258407897e-01 -1.591800660880169915e-01 3.738339055612238115e-01 1.039409707680712669e-01 3.216835871475760000e-01
-1.173085353906540007e+00 3.719690884474423087e-01 -1.538317973140073680e-01 3.438619581499174349e-01 3.301699863241251420e-01 3.873099165125206134e-01 -6.009992177990644002e-01 2.299369641432731648e-01 -6.760431157418127224e-02 6.229243684365906031e-01
1.117377221699346723e+00 3.640383358773794376e-01 -7.485792871238308166e-01 7.612967503857008822e-01 2.802134980096519512e-01 -3.488991104097426965e-01 3.821194295054208823e-01 -7.461367877980474850e-01 2.137533915426864106e-01 -3.676844053095569276e-01
-7.572668980088156365e-01 -3.349911555592779977e-01 -4.835854423484861053e-01 -8.598589962380098761e-01 -8.320878007625962525e-01 1.589630533640347954e-01 -8.718345538538999628e-01 -4.395158168923610775e-01 -3.226998179431195823e-01 -2.742815504194498488e-01
-5.581125464084295551e-01 -1.757423170255169587e-01 1.029544758545270833e+00 2.296960911994857524e-01 -9.226443485171675896e-01 -1.190198899215552553e+00 1.370571111677556964e+00 -9.986991907684996672e-01 -2.434441225041745760e+00 4.310556330725705959e-02
-3.025288480353074405e-01 -1.632315228022490350e-01 -5.430197588943751486e-01 -8.433718648248023086e-01 -7.428233354461546423e-01 -3.277157523900555147e-01 -5.096066807302150614e-02 -1.235411733319675687e+00 1.440464216466043335e-01 -5.279598170447328265e-01
3.576033780483307001e-01 4.011794171139778098e-01 8.122261493217978190e-01 -7.287753840585678988e-01 1.190618907893828071e+00 8.758515506344718426e-01 -6.118468837439414720e-01 1.864752577178107884e-01 4.111923440645584016e-01 3.636812969175838295e-01
-1.617921204625281661e-01 6.010674191451607085e-01 2.456150511557888549e-01 3.864689561884983304e-02 6.098384118564165179e-01 3.338717274821662029e-01 3.339997537642785952e-01 6.513933485414631352e-01 -2.926695547888477633e-02 4.176704073576461007e-01
7.301975278234678068e-01 -4.438669556174777431e-01 2.665752456751195876e-01 2.412487013382794698e-01 -1.807113284228982542e+00 -5.523412828305822586e-01 9.649212690455561542e-03 2.002666753362239982e-01 -3.967398455623406539e-01 2.202338851774152811e-02
-2.501348365336338642e+00 -1.275233230703518295e-01 -3.121044136769011296e-02 1.008007970793668440e+00 -6.392116920267820745e-01 -1.010461092714652453e+00 -8.784091492204700868e-01 -1.299475542628645008e-01 -7.635312333057558964e-01 -1.072093515372571471e+00
7.620998680737889330e-01 -1.043618205653848108e+00 -4.112050880491820992e-01 -5.864669361450909335e-01 3.147674680430097571e-01 9.637747674833847811e-02 1.072230180817644873e+00 -1.087037623599106384e-01 -2.674084770090961460e-01 -1.019821914424740711e-01
4.390334515515923464e-01 1.669280256373103954e+00 8.474585882216018051e-01 -9.325631551231866601e-01 4.608897860963232507e-01 5.251466149689231200e-01 2.160281670711662258e-02 9.419503550481609366e-01 3.588041476257318729e-01 5.037935103365767664e-02
7.350849679259273683e-01 -7.495245125447456136e-01 4.190300876631813942e-02 3.001937996817466980e-01 6.534618034825014909e-01 3.519846650892084483e-01 -3.123452222444938475e-01 5.035622890844151378e-01 -7.095542053238445002e-01 5.357472237418052785e-01
-1.099607708039858772e-01 -1.501971298017523493e+00 -7.488447414548505821e-01 -9.869028765299440176e-01 -4.882686149188877889e-01 -1.258041325506137897e-01 -1.151592497634161966e-01 5.106570313734034583e-01 -2.270757733706526282e-01 5.696684997096858050e-01
-9.180509407188002236e-01 -6.112624991511234757e-02 7.995278015961121421e-01 -7.697743461872120774e-01 -5.266449048818241385e-01 -8.796510797423634509e-01 -7.789888234128539146e-01 2.608907626986099459e-01 -1.592404829341373507e+00 -6.386859713416740414e-01
-6.664116267285065121e-01 6.095536730064604614e-01 8.756512003476224493e-01 8.149227405288714809e-01 2.389328203006320650e-01 5.624849308169308504e-01 5.988433209452460604e-01 6.189924931816985776e-01 3.404185938506976705e-01 5.337452026888469536e-01
5.295562094854787683e-01 -3.161443574417793778e-01 -4.515520300880670468e-01 -2.746188199183570711e-01 -5.963572959744545959e-02 -5.667151185444848499e-02 -1.289977296273864260e-01 9.054688329767146548e-02 -2.054379427946652695e-02 2.601377823797930700e-01
-1.609831986588967645e-01 4.262649940698593487e-01 -1.293004511986571625e+00 -8.434123372354105364e-01 1.536719938609666103e-01 -9.512939571386175297e-02 -6.812658602818418840e-01 -2.355227762093906330e-01 6.729743244839764271e-02 -2.012530537978587941e-02
7.122327071610133897e-01 9.820724782079370829e-01 1.528259209388755369e-01 -2.594226392829638295e-01 1.143953551922453515e+00 1.904795234461918341e+00 -5.001575919524995362e-01 8.097288683153945898e-01 7.696316216155456580e-01 9.094210335153625202e-01
4.274966501558631893e-01 1.944958886367025852e-01 4.449228141828864141e-02 -9.177064053681600608e-01 2.712902993229002746e-01 3.876560556163287652e-01 6.277304085787098475e-02 -4.841634162205881164e-01 -5.950726856937861575e-02 -2.546479543017419189e-01
7.407212628704923363e-01 -5.051538980261932599e-01 7.012877087411251154e-01 6.142470670458881621e-01 -2.739504864928961059e-01 5.736974500222001838e-01 9.586782594671073854e-01 1.002379008552148759e-01 6.849450292426979559e-01 7.271825880951587884e-01
-1.062717443488685687e+00 -5.665714132648929091e-01 -3.230671608699537400e-01 -2.530762253553039409e-01 -6.286949085283636274e-01 5.898844277459094343e-01 -9.578261511731696043e-01 -1.627208022629497153e+00 -3.316091947704510323e-01 -1.002789983863663803e+00
5.485540937464220557e-01 2.534142876423871038e-01 7.358497464173681113e-01 1.318694881340169156e-01 -3.165966527837834610e-01 1.397116158904877503e-01 -4.943797132390752580e-01 -5.452303506069114958e-01 -2.057860708762505042e-01 -7.067060764564653264e-01
-2.227130694782865628e-01 -2.804395033318973773e-01 8.024074231466026275e-01 1.958981481514888434e-01 5.649308465931379003e-02 3.748726706514073914e-01 8.338267578681466397e-01 9.459116727143669634e-02 6.147839434869222242e-01 6.693345711504168349e-01
-5.889202702145160950e-01 1.823854463563807093e-01 -5.590536774519699881e-01 -9.511531675597993674e-02 -3.833468000806289910e-01 1.735308074449004034e-01 -4.480807879204113386e-01 -8.797621403337235746e-01 3.848784015692127691e-02 -3.960193554553115280e-01
2.541313631098910952e-01 8.124631027245125814e-02 -2.257354816497663952e-01 3.930576572205002894e-01 -4.094621278813180276e-01 -1.677569241943352996e-01 -1.145726783032065543e-01 -2.521145492595674220e+00 8.679809196138697780e-02 -1.235144605148618541e-01
1.481784381455632849e+00 3.939218462216325101e-01 1.371945602201115388e+00 9.605188177647472347e-01 4.870741817094410148e-02 4.747628288675451724e-01 -6.775442966910325548e-01 9.965708630139138435e-01 1.008411012756774472e+00 8.720947363998354795e-01
-1.387284836448667187e-02 1.942921199147130407e-01 2.220431234578558732e-01 6.340660825854308458e-01 -2.646250304873276615e-01 6.636000997979755178e-01 8.996313146937739980e-01 3.420558821216874157e-01 3.641419793662728499e-01 -8.747888864647704876e-01
-1.494338009611495099e+00 -1.572599180957833243e+00 3.468815103565656144e-01 3.966456092408998102e-01 7.824834968388785228e-01 2.625626244465604220e-01 4.264329740101039379e-01 6.122933849134457596e-01 8.881296002140500745e-01 1.286391192686282103e+00
-1.804372025405178714e-01 -6.589513274530769404e-01 -3.161168201148001899e-01 1.586301624562651280e-01 5.402611850973377816e-01 4.719517772775176923e-01 -2.203804949132719682e-01 -3.057087748040792086e-01 2.499271955151982916e-01 2.475550420097657744e-01
1.538226669460311946e-01 -1.516167453643644913e+00 3.867727533409139884e-01 8.913368587887365857e-01 6.330625845783067751e-01 4.519971647921054436e-01 8.235515710785838994e-01 1.124504265434405736e+00 -1.301600587929680808e+00 -3.900579274780111572e-01
2.074288767916890874e-01 4.165773569880002608e-02 -6.294869298384593304e-01 -3.992117129631888028e-01 -1.176999429879483916e-01 2.229238087631598142e-01 4.030038821069553134e-01 -4.664349164346617282e-01 -3.587485605871619243e-01 -5.914682581143413387e-01
-1.364326043743447625e-01 -3.383762618909954001e-01 -3.314517760603892804e-01 -1.297548204105598124e+00 2.212634203632186589e-02 -6.704527585526407485e-01 -4.044308407697904117e-01 -2.339458092643954129e-02 -6.047824032985500420e-01 -7.528160446320747434e-01
-1.027999293593020891e+00 -7.097778718818124055e-01 -7.564356523091763096e-01 4.118235967628756655e-01 -7.643729389307524213e-01 -1.941476911913869174e-01 -3.794056180116243682e-01 7.892082932161977038e-02 -4.482839293884782056e-02 2.527580642590562462e-02
2.464592127941357402e-01 6.770845110644173603e-01 7.283720894340819374e-01 7.731850816941323590e-01 -4.596952086808021587e-01 8.685739361011859394e-01 6.492490999584502598e-01 2.629045732736127738e-01 1.228461546357827228e+00 6.003702358398630423e-01
1.406602429901097739e+00 8.927494177624309968e-01 7.970501884764596978e-01 -6.004991795127047061e-01 -5.498770220039581047e-02 -2.361126672711810759e-01 -1.605761038654693329e-02 1.390614359988352200e-01 -4.833608314030062858e-01 3.668771882417147800e-01
-1.866865628052172543e-01 4.592685061584763084e-01 1.718166430610634232e-01 3.055357725021253801e-01 -6.101947889243832801e-01 2.099243988532964733e-01 -8.468781309899331422e-01 4.430731948626241978e-01 2.017565484094798189e-01 -6.706876602405950627e-02
5.481532525354509966e-01 9.224980507948106201e-01 8.727899304384724166e-01 5.607516434645610781e-01 -9.831310328229121431e-01 2.915142831054122752e-01 -3.043930613580617117e-01 7.928332723947185690e-01 8.559927824801610852e-01 2.057038328620636528e-02
-7.624087432564589928e-02 -2.637262015216243594e+00 -7.027722108785187105e-01 3.079030591915948856e-01 -6.648227644884214804e-01 2.816844054129507002e-01 -8.118952123347997762e-01 6.509419837770290540e-01 -1.170016667045663983e+00 6.675471349191565151e-01
-7.632243076667958315e-01 -2.692619841290741500e-01 -2.776781707260920773e-01 -5.803624609165345394e-01 -1.685820096239502686e+00 -2.371661671858742715e-01 -5.367932241547943573e-01 -9.433622867533938416e-01 -8.298037336364454397e-01 -5.485568593169743989e-01
8.920054871753112513e-01 9.418976783744319459e-01 9.417876516099271678e-01 1.146608129662099795e+00 -1.080654032365838957e-01 6.352851188123184167e-01 -5.402684573821968650e-01 1.210046301721768192e+00 5.451193659950946957e-01 1.095352554960492775e+00
5.271774224304269785e-01 3.721169121042898209e-01 2.442072502394812550e-01 -3.335973180665566945e-02 -7.851026750663862019e-01 1.952673370380516582e-01 2.519906970433324900e-01 -1.981745617356126532e+00 -9.946518204747190062e-02 -1.217737369836947581e+00
-3.828617734690047403e-01 5.042325125374551992e-02 7.336110146934431142e-02 -2.968757655484665081e-01 -3.781491283863100406e-01 -5.431951430520596258e-01 -1.331112117857841559e+00 2.159346818986927485e-01 -3.985888347864344206e-01 -4.204940179184401411e-02
-1.136056810344422852e+00 1.347331299747487054e-01 -3.016811691988298683e-01 -8.545313710084379011e-01 -6.574962823239677116e-03 -7.444494871320636586e-02 1.381326527932771608e-01 -2.702425197904746446e-01 -5.211005071836145586e-01 -4.617158050751363763e-01
-3.389810008586069956e-01 2.404302521215270494e-01 2.918283034072924331e-01 6.637239788419498909e-01 -9.611766975158997361e-01 -4.376536671633320941e-01 -1.013377330598070447e+00 4.366292377665279695e-02 -1.465800673531458820e-01 -5.867756411492037749e-01
-6.911023056683798238e-01 -1.599650163103888412e+00 -7.713216213273577093e-01 9.581531179361596484e-01 6.552638526820826481e-01 7.423870956257400122e-01 -4.797079896489107043e-01 1.418180165611206411e-01 -5.032786934953036306e-01 -1.723436234814649803e-01
2.281086204541940901e-02 -4.811589370081130468e-02 -1.104747295640408911e-01 -2.095478748734410646e-01 5.043599313854322252e-01 -2.753160745729160003e-02 -2.975722464264399930e-02 4.200954355210992919e-01 -3.828645469953342317e-01 5.694053573317887640e-01
-4.770750562400419281e-01 -5.079403026383157993e-01 -1.552607012040697176e+00 1.067508213156260072e-01 4.495674806673853330e-01 -5.293678615952576161e-01 3.309861264459624808e-01 -1.087406139869768085e+00 -9.209799660348981787e-01 -2.135355830811074690e-02
9.049298794429233572e-02 -3.561884202633240348e-01 1.143774158981708672e-01 -2.660387485542382024e-01 -4.393868270811323445e-02 -2.812203567539136029e-01 -5.277313602410539373e-01 -1.393267488399731191e-01 -5.152708877025748979e-01 -5.533003007132831774e-01
8.592422260748376617e-02 -6.278308346328199674e-01 -2.925188793240134921e-01 -2.623503018565009892e-01 -2.599914536953234490e-01 2.093292272563280210e-01 -1.209654684385591955e-01 3.954701377980296972e-01 -6.259849831325992042e-01 -1.436793284138761749e-02
-7.666809089848839465e-01 7.668331700739825507e-01 -8.762974569229702027e-02 -1.801137118507784851e-01 4.897818670740947122e-01 3.517048214147198287e-02 -3.844470087600933006e-01 2.786019327705809290e-01 9.489104718385675541e-02 3.169351734924412134e-01
1.626954453585497118e-01 -4.639989133418764844e-01 3.714555250865415603e-01 4.268685424075121526e-01 7.209444567876247545e-01 4.230733842355889895e-01 2.582976781825398471e-01 -2.349582536398971046e-03 8.306294171897687928e-01 1.184901306883142214e+00
7.708506400751580223e-01 -1.550324080170260022e-01 6.017104078413214319e-02 4.107170074182586034e-02 2.340549521013841061e-01 1.265863396090922133e-01 3.503924649903453759e-01 -7.055093510171980831e-02 1.042068768974639334e-02 -2.095683695903386989e-01
1.238819523766035158e-01 7.470287870584015888e-01 5.326379546111190688e-01 6.331998859177511152e-01 -5.912188577914753163e-01 -1.668246626545151767e-01 -2.965990096228412337e-02 1.609239014192492379e+00 4.152742739221590984e-01 -5.390027210232254395e-01
-4.685643358834544747e-01 -5.480841568533132424e-01 1.132490356360735945e-02 -7.705835890610925887e-01 -7.183019293707260111e-01 -7.039919613563360157e-01 -5.791658470057559072e-01 -2.705436059742055699e-01 -8.323648084853716433e-01 -5.465838277201565676e-01
8.737808459285922869e-01 9.704960635784307676e-01 1.217812202864286597e+00 2.726257175875134720e-01 -2.015215152320334602e-01 -4.817425938674506081e-01 -1.759519397030688270e-01 1.897941040677181834e-01 -1.301695418926775982e+00 -5.754124375851957796e-01
2.060165317473108479e-02 5.918324620424044724e-01 4.249378046049984703e-01 -8.831385259197371829e-01 6.286554060779101505e-01 3.112867052859752404e-01 -2.749869083245301549e-01 -1.693261575584106143e-03 -5.499008118009320739e-02 -3.660071283079291415e-02
-4.682109708506256851e-01 2.322954552758948327e-02 1.644606721870618404e-01 2.113406277110507769e-01 -1.224307630608685027e-01 5.737835704299910633e-01 -2.540871830291605016e-02 3.077350211431099658e-01 1.560522789422159329e-01 -9.578293823192304823e-02
1.419033806859106572e-01 1.470920162816120591e-01 7.328326579439470301e-01 1.039831805716094459e+00 9.759694878238390769e-01 2.755579909692453811e-01 1.062608049006322997e+00 7.440164522797136915e-01 1.107046709513751087e-01 2.914189641884946669e-01
2.628078061838703405e-01 -7.201404646610891358e-02 5.927453611457761395e-01 2.407946854813625970e-01 1.751378785160550677e+00 -1.172318453189228338e+00 -8.119190905008815129e-01 -1.245883209929926849e+00 -1.296289716130870628e-01 -3.873140310574050282e-01
-5.911206180915589137e-01 -9.386510972481557635e-01 -6.973329982139043759e-01 -2.655324899548994200e-01 -6.517828654182484804e-01 -6.345904488173077507e-01 -1.026522106748121610e+00 -8.269990903888394529e-01 1.143639721714187658e-02 4.961972879352151422e-02
-5.398107328660620707e-01 2.487343836680771803e-01 4.960179839751718278e-01 6.015427282358680738e-01 7.912878428627506677e-02 3.640090605578531757e-02 3.862210860775975307e-01 7.399646052104827398e-02 3.644630940674051800e-01 3.383859747202102031e-01
-3.319062182807840378e-01 -1.553871866172517324e-01 -7.912925135430535217e-01 -1.228231267287760052e-03 4.478994703221301221e-01 2.149388267807389175e-01 -3.765234033174669204e-01 3.515737450713804502e-01 1.299213381378230281e-01 7.047426482691825367e-01
-2.047537733973609775e-01 -1.529522203100870170e+00 -4.683771499119969706e-01 -3.911546227996042235e-01 -1.887218976304568462e-04 -1.715698340816804723e-01 -7.075583900766736489e-01 1.603641576451723116e-01 -5.298673731552026034e-01 2.509677195922399573e-01
7.917297396262403808e-01 2.881324985969913599e-01 6.279991225087174778e-01 7.189407224874776459e-01 1.689512705215586164e-01 1.230887092959620510e+00 1.532204148337297234e-01 -1.312260998419005009e+00 5.405850632555407875e-01 3.212179173971587698e-01
1.636491674055125856e+00 5.984440373350392584e-01 -8.728181003740467236e-01 -7.729192715476264075e-01 2.557883575928032172e-01 6.182959821622110441e-01 -1.738075912414993041e-01 1.599670772301812760e-01 1.462780563728932962e-02 -1.014822253273956365e+00
-9.914066418985806317e-01 -8.262195932431644074e-01 2.187827702693938281e-01 -9.187627415128553077e-01 4.771307159190694147e-01 -2.722039243074683146e-01 -3.591930989221195358e-01 6.984108883931664513e-01 1.457735842937424309e-01 3.664179404624553354e-02
9.194595850834361705e-01 1.130305024038824602e+00 2.951775404668579017e-01 -9.370778504363767858e-02 6.499549789154774881e-01 1.033559497424187512e+00 1.663209479465116436e-01 4.486865162783063576e-01 6.548437427006952305e-01 5.271743998350978400e-01
9.643540549299438602e-01 6.619110490192330332e-01 4.951306998259896730e-01 -1.606948869148446257e-01 -5.669672558537187657e-01 -1.842107818576154896e-02 7.225580951907126792e-01 -8.201895068685906010e-01 8.315820948880954244e-01 8.434614361048926867e-03
-4.303207665494137579e-01 4.409606729973098438e-01 -1.037650735560700754e+00 3.119117769459517353e-01 6.770809337792221827e-01 6.971428129565547804e-01 1.810123282211031567e-02 5.921978465094485111e-01 -1.099180884562595439e+00 9.231803523933715949e-01
-9.665812357133955757e-02 9.626508554211503366e-02 2.208643644255591509e-01 5.155694135701447411e-01 -1.063693078686423155e+00 -5.551048143115564631e-02 -3.147313669651256030e-01 3.678086904520096873e-02 4.476161516390027295e-02 -2.939556177795341063e-01
-6.596694765820459994e-01 -6.518490040902478189e-01 2.610746169233811864e-01 -1.832757108792366363e-01 1.505376760531210278e+00 4.399845407762629779e-01 -7.962961262322822975e-01 6.355572177338805195e-01 1.836766762623155413e-01 4.481945283584103934e-01
2.654253118534776745e-01 2.224346245137070674e-02 1.940406550988030276e-01 8.851999844732121037e-02 -8.856435817248650699e-02 -3.410705072610333705e-02 -9.569365084415970557e-02 4.656715270502460174e-02 6.355079678156866363e-01 9.252244248336470578e-02
-9.811054135139209986e-01 -9.629996691612751070e-01 -4.198361232141925581e-01 -4.146586701149763132e-01 -6.040942554038819697e-03 8.455426422970339084e-01 -7.543035759175763522e-01 3.143131962447192063e-01 -2.240567858432407355e-01 1.437391684607444015e-02
7.966800245901564104e-01 7.002800765934560356e-01 5.866210745939673954e-01 5.705475800250966456e-01 -1.156253185841207287e+00 6.901611032992361894e-01 -3.004320911328973651e-02 3.694693710284615018e-01 6.530161289170213212e-01 7.036330452597418239e-02
-7.602246638278091773e-01 -5.536779904162890675e-01 2.439395478144697482e-01 1.614400365396292669e-01 -3.891603475706562065e-01 -6.895958092522774807e-01 -1.073476436602371686e+00 -1.896786241900279835e-01 1.586304204065109788e-02 -2.459966043708543271e-01
-1.032572225845670155e-01 -1.765068383060561519e-01 3.329352645388810039e-01 2.620651275941620062e-01 -4.379759463543612674e-01 1.611288056765960708e-01 -2.818795313414282910e-01 5.265582474735541751e-01 1.711225861023918660e-01 -1.345904072526095119e-01
-3.955133285377175900e-01 -6.594191099207849516e-02 -1.189978154478345401e-01 -4.183594404973771663e-01 -2.119206169435741971e-01 -5.307714084009854671e-01 -6.201469815257322216e-01 -6.597717075337919956e-01 -7.842695670382211492e-01 -3.040052961709366897e-01
-8.779361123041533599e-01 6.501950741524370470e-02 -1.769406264031563591e-01 -2.862828696845912679e-01 4.744888456558676859e-01 7.605480652823823351e-02 5.530999118907564682e-01 6.140016261150458557e-04 3.251873983934993051e-01 5.327282209735944019e-01
-5.546055337103977800e-02 2.821969809141255392e-01 9.215495778234106261e-01 2.730928208582095174e-01 1.134416398973647322e+00 3.067404772504419563e-01 8.025116121952798887e-01 2.531584246860230092e-01 8.275678928108806121e-01 1.042830046556487256e+00
4.357026906021286283e-01 1.564683849098613688e-01 4.310912498424495642e-01 8.110466366094947963e-03 9.807432442987933374e-01 1.955583662751769480e-01 2.207876671276514657e-01 4.064820376982707373e-01 6.041176508479877416e-01 6.412602256029811265e-01
-4.918156034851932645e-01 -4.213431761939365749e-01 -4.374784478897722484e-01 -1.554167547281407880e-01 7.127919113928972948e-03 1.312047497998317658e-01 -2.239083948976102190e-01 -2.565024323207046875e-01 -3.903519681659447377e-02 -9.560321973396994355e-02
-6.879259391094542098e-01 4.627857439914040971e-01 3.506048703909688813e-01 -8.192305181778911094e-02 -7.279226949309673955e-01 7.320084228438057672e-03 -4.123398654019238552e-01 -4.672352704610773233e-01 -2.848745469271088959e-01 -4.355060129085619458e-01
-6.647463561331725668e-01 -2.866005026407540957e-01 -8.969229704757052113e-02 -5.159409125820271225e-01 -6.010355333337210615e-01 -3.058852253775312113e-01 -2.145338689419008238e-01 -9.655831489325072958e-01 -5.211243625190352668e-01 -3.328845294695329526e-01
3.877214567863312977e-01 -4.630760994065276082e-01 4.189447375617214586e-01 1.506176884708232133e-01 3.639813383609761255e-01 1.106925561929889973e-01 3.247015362880563694e-01 4.275988348428871877e-01 9.531717520819442402e-02 4.352031422126865223e-01
-1.812510037419264308e-01 7.335951646803468007e-01 -4.587599274293564511e-01 2.625060945896638409e-01 6.762513653506239120e-01 -6.720026431123969635e-02 5.781033589820052665e-01 3.536066026461141543e-01 1.141059352369954705e-01 -1.329955064293979472e-01
-1.261200198149903251e+00 1.322509260557254707e-01 6.780705173809485897e-01 3.280378894139965862e-01 2.801697904043515819e-01 1.023354798916508823e+00 6.785592724862168912e-02 1.795370211081306205e-02 1.195044554606769643e-01 -3.315792616009384519e-02
-9.758851134869949151e-01 1.643575332530985422e+00 -2.248742736919102647e-01 -1.279515940606598567e+00 -1.227810648837025287e+00 8.355281798247847780e-01 8.727231678394220538e-01 3.030075602037065052e-01 -5.156453795008884011e-01 2.033571539579783483e-01
-2.608310214945850913e-01 1.120828322406608679e+00 1.015325953310312945e+00 5.406576446525132029e-01 -6.336221160086442927e-02 7.099309963781819111e-01 9.761425452664748148e-01 4.622828321492470360e-01 8.031518226470835131e-01 3.288322992719051041e-01
-1.069789343325138864e+00 -2.101673401024655996e-01 -1.996335594049186701e-01 7.334734259401821943e-02 1.187406377910212446e-01 7.714460943187108066e-01 2.219968134896583012e-01 -1.142123057352339321e+00 4.887255914287295666e-01 3.059730200742925010e-01
-3.169398665215193422e-01 -7.591205605152210323e-01 1.106219531647641974e+00 7.062371169615264677e-01 -1.383516677505199251e-02 1.579952373592605208e-01 -2.936691493210050012e-03 8.225362015126200799e-01 -9.122734761577269702e-02 1.743440819745655512e-01
-2.411639863176124055e-01 -6.831519273526645564e-02 -2.509290023967246652e-01 3.113261836933461368e-01 -1.299929620297928912e+00 1.225001414977723302e-01 -4.978363796830412857e-01 1.891684381619500588e-01 -8.560764994577769321e-03 2.221286062633850977e-01
1.012155857361442812e-01 2.244682525711392818e-01 1.855895216634224354e-01 -1.502818516170290331e-01 -1.986820317779054712e-01 -2.062516336990848631e-01 -5.266986860134619253e-01 1.024781706644304069e-01 -5.307780395869570178e-01 -6.619920899790467939e-01
-4.863357860736362559e-01 -9.448875973308391574e-01 -9.378585984328443592e-01 -3.206196655034156406e-01 -5.530808804661847544e-01 -2.415685381833930778e-01 -1.424488322249630734e+00 -3.959597902263480851e-01 -4.393042704474302007e-01 -8.677249506400899759e-02
1.749098331862755998e-02 -5.336725690277404066e-01 -1.505891091010923000e-01 -6.090158618701250193e-01 -1.079458976641911150e+00 -4.872285777962088171e-01 -4.142360253453422625e-01 2.880675261238510587e-01 -9.757500897537677575e-01 -1.592988535783421422e-01
2.663778413973841297e-01 -1.128724040628695580e+00 7.930920778954565487e-01 5.834538582069350721e-01 4.031034332259189057e-01 2.498346555632069699e-01 8.929561409311490561e-01 -2.267244558691677847e-01 3.831109697802060898e-01 -2.179643666471078531e-02
-5.887368011513247623e-01 1.216273673355308116e+00 -2.132910454733347727e+00 4.080158465229317688e-01 8.845112893199431614e-01 -3.745979390247832774e-01 -4.387829926620738230e-01 5.615779477795609376e-01 -1.616155522925626364e+00 -4.097589584965982690e-01
2.664158530907498879e-01 -1.148811634479864674e+00 4.138521287298111972e-01 5.498199588259961024e-01 1.536562173621754401e-01 1.597530513051370615e+00 -1.718703969019528932e+00 9.297071906580514078e-01 -6.076266650937265368e-01 1.144340953492449353e+00
1.483255743371894475e+00 1.154127820228791901e+00 1.652736043190764059e+00 8.441264307810552037e-01 7.755694523131368978e-01 1.021268152909160232e-01 7.193751201502868176e-01 -2.556771622386616039e-01 6.421087820705566607e-01 -2.828980881836726358e+00
-2.786479136232936638e-01 -1.813277411564226116e-01 -5.590105289234761216e-02 -3.888872609366251787e-01 -2.485604563505444897e+00 4.364504282724749329e-01 -7.684574312605939317e-02 -9.831499531348021348e-01 -4.971950489508874388e-02 -1.526184324686487903e+00
2.133676245599190224e+00 -2.965943878260813849e-01 -6.695847200391901177e-01 -1.296452165707329685e-01 1.534222847731624650e+00 2.235417947100354075e-01 1.243322746653243493e+00 1.335039762555074172e-01 -1.503435836448878904e+00 -1.237635898258641287e+00
-4.164372282174812478e-01 3.041032441002911590e-01 -6.286650692011572783e-01 -6.459890093181939186e-01 6.747331546027308946e-02 -4.919819844897437289e-01 -8.930872993174635566e-01 -2.729562688109480328e-01 -1.432710952814848282e+00 -4.305353449598838256e-01
-8.858496878157720023e-01 -1.068445770630428893e+00 -6.557954068569027406e-01 -7.302462495883046412e-01 7.852057168245955010e-01 2.471611135282450189e-01 -4.531151619739846176e-02 1.227064876696449147e+00 -2.834201648213718339e-01 6.134521464366050614e-01
5.831403776074250978e-01 -9.258106966829651174e-01 3.003393037454928360e-01 -2.241008379420370705e-02 -9.822247390095286898e-03 4.856996511644557923e-01 5.349593911963285153e-01 2.151891395672818064e-01 -7.145372333655060360e-02 -1.383335928715055951e-01
7.891791160498609625e-02 8.799562308847616587e-02 1.017863426548830247e-01 -1.424190758396957746e+00 4.385622013272236774e-01 -2.961249792877700959e-01 1.268458092136254711e+00 5.062449633486862943e-01 -2.237790987441297119e+00 3.245428900173378262e-01
4.406330848880473661e-01 -7.276543461852317263e-01 4.333445258712418924e-01 8.711062417001662617e-01 9.179330716373790278e-02 4.407606307209033236e-01 -7.650016688947296473e-01 4.584447708305206537e-01 7.061468116558142216e-02 -2.732238599154779291e-01
3.029671671927160470e-01 -2.459668992372317509e-01 -8.596091754869605861e-01 -1.972112084726052594e-01 -4.103084785758526754e-01 4.135819529901916258e-01 3.782238343714383055e-01 -3.282745092327741254e-01 -3.035577281607035882e-01 -2.190502381751006089e-01
-5.288303023467308961e-01 -4.750827731202809101e-01 -1.787346585126440290e-01 -2.661184025148650711e-01 -6.169174099871974626e-01 -5.887161177810642521e-01 3.545487224559625283e-01 2.345769889931686447e-01 -1.076596615906106336e-01 -6.497036620815913599e-01
-1.334805007259223519e-01 8.419895371198015191e-03 1.893443017413005136e-01 3.425255898681173750e-01 5.618164887626059256e-01 -4.689788003236741720e-02 4.111262030568243464e-01 1.873284933456645651e-01 -1.067859895452098612e-01 -1.160208649039187606e-01
6.750568920253715577e-01 -1.744695753389481352e-01 4.121241344951350194e-01 8.789124204171475663e-01 -4.606457773287033208e-01 5.051379005559690771e-01 -5.433730061645085652e-01 1.072259328529717171e-01 -2.026376234675803634e+00 3.172208026948478699e-01
5.040658617689365295e-01 -3.291200205193844930e-01 3.030883411734608054e-02 8.200570956655028887e-01 5.179014220523477929e-01 6.848487967791065945e-01 1.230431935162975554e+00 8.971933790802928410e-01 -7.643890289491930279e-01 7.299331364979859682e-01
1.062818519925175093e-01 -2.659749669579207845e-02 4.408279484166061635e-01 1.000687476187821778e-01 3.765621065653740884e-01 -1.932665296123585452e-01 5.576911677787187438e-01 -4.711700916810656059e-01 -5.426829179415877391e-01 -2.671855298936235967e-01
6.681928333373411411e-01 4.871025121848832629e-01 7.232635378355808387e-01 3.198033561641621669e-01 4.418555525018480479e-01 5.389083201370082898e-01 7.906277455703536461e-01 1.678065797105162890e-02 1.190063304065474448e+00 3.126230318671192887e-02
-2.565783773407654955e-01 -8.583669881007985336e-02 -1.459238345319219254e-01 -1.659263118586547237e-01 -3.814603114259623035e-02 -1.041032301191472664e-01 -1.474871704873657929e+00 5.826077995256661451e-02 -5.851956471582555608e-01 7.346786924524312257e-02
1.588092185755294872e-01 -4.563683431188301221e-01 -6.116064493178732242e-01 -5.644514917821487066e-01 6.644198735064127392e-02 -2.464641267489799670e-01 2.407944234877780476e-01 -1.443143728503645806e-01 -3.781197839669773741e-01 -6.654930626081352329e-01
